0 1 2 3 4 5 6 7 8 9 10 11 12 13 14 15 16 17 18 19 20 21,25 22 23 24 26 
0 1 2 3 4 5 6 7 8 9,16 10 11 12 13 14 15 17 18 19 20 21,25 22 23 24 26 
0 1 2 3 4 5 6 7 8 9,16 10,21,25 11 12 13 14 15 17 18 19 20 22 23 24 26 
0 1,9,16 2 3 4 5 6 7 8 10,21,25 11 12 13 14 15 17 18 19 20 22 23 24 26 
0 1,9,16 2 3 4 5 6 7 8 10,21,25 11 12 13 14 15 17,23 18 19 20 22 24 26 
0 1,9,16 2 3 4 5 6 7 8 10,12,21,25 11 13 14 15 17,23 18 19 20 22 24 26 
0 1,9,15,16 2 3 4 5 6 7 8 10,12,21,25 11 13 14 17,23 18 19 20 22 24 26 
0 1,9,15,16 2 3,6 4 5 7 8 10,12,21,25 11 13 14 17,23 18 19 20 22 24 26 
0 1,9,15,16 2,22 3,6 4 5 7 8 10,12,21,25 11 13 14 17,23 18 19 20 24 26 
0 1,9,15,16 2,19,22 3,6 4 5 7 8 10,12,21,25 11 13 14 17,23 18 20 24 26 
0 1,9,15,16 2,19,22 3,6 4 5 7 8 10,12,21,25 11 13 14 17,23 18,24 20 26 
0 1,9,15,16 2,19,22 3,6 4 5,10,12,21,25 7 8 11 13 14 17,23 18,24 20 26 
0 1,9,15,16 2,19,22 3,6 4 5,10,12,21,25 7 8 11,17,23 13 14 18,24 20 26 
0 1,9,15,16 2,19,22 3,6,18,24 4 5,10,12,21,25 7 8 11,17,23 13 14 20 26 
0 1,5,9,10,12,15,16,21,25 2,19,22 3,6,18,24 4 7 8 11,17,23 13 14 20 26 
0 1,5,9,10,12,15,16,21,25 2,19,22 3,6,18,24 4 7 8,20 11,17,23 13 14 26 
0,14 1,5,9,10,12,15,16,21,25 2,19,22 3,6,18,24 4 7 8,20 11,17,23 13 26 
0,8,14,20 1,5,9,10,12,15,16,21,25 2,19,22 3,6,18,24 4 7 11,17,23 13 26 
0,8,14,20 1,5,9,10,12,15,16,21,25 2,19,22 3,6,18,24 4 7 11,13,17,23 26 
0,8,14,20 1,2,5,9,10,12,15,16,19,21,22,25 3,6,18,24 4 7 11,13,17,23 26 
0,8,14,20 1,2,5,9,10,12,15,16,19,21,22,25 3,6,11,13,17,18,23,24 4 7 26 
0,4,8,14,20 1,2,5,9,10,12,15,16,19,21,22,25 3,6,11,13,17,18,23,24 7 26 
0,4,8,14,20 1,2,5,7,9,10,12,15,16,19,21,22,25 3,6,11,13,17,18,23,24 26 
0,4,8,14,20 1,2,3,5,6,7,9,10,11,12,13,15,16,17,18,19,21,22,23,24,25 26 
0,4,8,14,20,26 1,2,3,5,6,7,9,10,11,12,13,15,16,17,18,19,21,22,23,24,25 
0,1,2,3,4,5,6,7,8,9,10,11,12,13,14,15,16,17,18,19,20,21,22,23,24,25,26 
